94 82 67 64 60 52 49 45 37 34 33 30 30 27 22 19 18 15 12 11 7
 
407 392 342 337 322 272 263 237 222 193 172 170 144 129 100 93 79 70 65 50 15

122 112 110 108 100 98 97 93 85 83 81 79 72 68 64 60 58 58 58 54 54 50 46 44 43 42 40 40 39 39 35 29 25 25 21 19 18 15 14 14 12 10 4 4 2
 
1918 1406 1398 1366 1350 1346 1282 1280 1024 894 638 636 572 568 552 520 512 382 374 342 326 322 258 256 126 124 118 116 86 84 70 68 66 64 60 56 52 48 40 32 20 16 8 4 2
 
359 343 307 291 275 270 259 251 249 245 235 232 219 219 218 216 203 199 197 193 186 184 175 168 167 165 161 146 143 140 130 127 127 125 124 124 123 122 121 118 114 111 110 109 108 105 98 95 94 92 91 89 88 84 76 75 74 73 72 70 56 52 51 48 43 40 35 32 25 21 19 16 16 13 6 4 3 2
 
636 615 566 559 544 536 515 504 466 462 459 447 444 426 422 404 401 397 377 370 362 355 352 345 330 320 316 315 299 297 290 273 250 248 243 239 228 218 216 214 208 189 188 183 174 169 162 153 147 146 132 127 114 111 107 104 102 100 97 92 89 82 81 77 71 70 65 62 56 55 49 42 40 25 22 21 15 7

5921 5903 5561 5279 5261 4919 4919 4901 4819 4626 4624 4559 4467 4449 4424 4177 4124 4107 3984 3982 3817 3782 3744 3726 3645 3627 3624 3622 3482 3422 3384 3365 3285 3271 3213 3195 3172 3170 3122 2970 2853 2708 2670 2650 2642 2632 2629 2543 2449 2447 2350 2348 2290 2276 2269 2247 2177 2148 2111 2066 1947 1918 1916 1848 1817 1797 1779 1716 1706 1634 1548 1535 1497 1479 1454 1437 1416 1355 1353 1297 1295 1279 1277 1274 1254 1175 1153 1137 1102 1094 1084 1002 995 937 935 853 822 812 742 723 695 642 563 531 502 500 452 432 395 360 360 342 300 202 200 195 193 99 18 2




45609 5475 5422 5398 5375 5374 5299 5291 5249 5241 5203 5188 5164 5157 5140 5115 5104 5080 5069 5065 5062 5056 5038 5016 5014 4992 4981 4968 4939 4893 4782 4648 4595 4571 4547 4472 4445 4400 4397 4376 4279 4263 4222 4211 4210 4186 4179 4167 4166 4162 4142 4127 4125 4087 4085 4082 4071 4058 4045 4040 4039 4016 3994 3988 3970 3969 3961 3945 3937 3935 3933 3919 3904 3891 3884 3873 3862 3861 3860 3849 3841 3836 3835 3819 3817 3816 3807 3807 3801 3782 3773 3765 3761 3761 3758 3748 3742 3734 3724 3719 3717 3707 3700 3683 3659 3654 3632 3630 3630 3625 3618 3609 3608 3606 3606 3583 3582 3574 3573 3555 3549 3531 3531 3530 3507 3507 3506 3498 3482 3475 3452 3445 3440 3432 3422 3421 3407 3398 3397 3395 3387 3374 3369 3363 3352 3340 3339 3322 3299 3298 3264 3233 3188 3164 3135 3067 3051 3020 3013 3010 3009 2989 2984 2967 2963 2955 2913 2907 2902 2893 2886 2879 2862 2850 2844 2840 2838 2833 2809 2805 2797 2785 2779 2773 2771 2769 2768 2765 2760 2755 2749 2745 2741 2736 2730 2726 2716 2715 2710 2710 2707 2702 2695 2692 2691 2684 2677 2674 2671 2668 2667 2659 2657 2653 2653 2644 2641 2639 2635 2633 2632 2629 2629 2625 2620 2609 2608 2608 2607 2606 2605 2596 2592 2589 2587 2584 2583 2582 2582 2582 2578 2575 2569 2558 2553 2548 2542 2539 2534 2534 2533 2533 2531 2529 2527 2522 2511 2509 2508 2505 2505 2496 2493 2487 2487 2486 2485 2484 2481 2480 2473 2468 2462 2459 2454 2451 2447 2445 2434 2433 2430 2423 2412 2412 2411 2410 2409 2409 2406 2405 2400 2399 2399 2391 2389 2387 2387 2385 2385 2376 2375 2370 2365 2361 2359 2357 2355 2355 2347 2341 2333 2330 2324 2312 2310 2307 2302 2301 2300 2287 2286 2279 2275 2271 2265 2258 2245 2244 2240 2233 2229 2222 2219 2202 2190 2187 2186 2183 2179 2167 2162 2157 2148 2144 2132 2125 2106 2090 2066 2053 2035 2029 2013 2005 2000 1977 1938 1930 1903 1892 1880 1867 1856 1831 1820 1811 1801 1801 1798 1792 1787 1777 1775 1768 1766 1762 1751 1743 1738 1729 1717 1715 1695 1693 1690 1682 1681 1680 1675 1674 1670 1669 1659 1658 1654 1646 1640 1640 1635 1633 1633 1629 1628 1617 1611 1605 1601 1597 1594 1590 1578 1577 1574 1572 1571 1560 1558 1554 1553 1552 1549 1549 1542 1538 1536 1536 1534 1532 1518 1515 1514 1507 1507 1502 1500 1495 1492 1486 1484 1483 1477 1475 1474 1472 1461 1460 1457 1456 1451 1450 1449 1442 1440 1439 1437 1432 1432 1430 1418 1414 1413 1411 1408 1406 1402 1395 1392 1387 1387 1387 1386 1386 1382 1377 1373 1369 1363 1362 1360 1356 1355 1350 1349 1339 1339 1334 1330 1329 1327 1322 1315 1314 1308 1304 1302 1297 1296 1290 1286 1285 1280 1274 1273 1268 1266 1255 1253 1253 1249 1245 1243 1234 1233 1233 1232 1231 1227 1221 1221 1220 1219 1219 1212 1209 1209 1208 1207 1200 1200 1197 1196 1195 1192 1190 1178 1178 1176 1174 1173 1169 1166 1166 1164 1154 1152 1150 1146 1143 1136 1132 1132 1125 1125 1122 1121 1120 1119 1112 1101 1099 1097 1095 1091 1090 1087 1077 1076 1075 1072 1067 1065 1056 1051 1048 1046 1040 1036 1033 1031 1030 1026 1022 1022 1020 1013 1012 1007 1001 998 998 997 989 985 978 978 977 974 973 973 965 962 954 953 951 949 948 941 939 938 929 923 916 915 915 910 899 898 894 893 873 863 863 858 857 854 853 852 847 840 840 838 833 827 823 821 815 813 810 806 805 798 797 788 788 780 765 765 758 756 753 744 733 730 730 730 722 711 707 697 695 680 672 662 655 648 639 625 612 604 593 590 589 580 556 554 529 509 497 476 467 462 462 439 428 424 421 406 400 395 388 385 380 364 361 360 360 356 354 337 329 326 326 320 318 310 306 304 303 283 282 278 275 268 267 266 259 254 252 251 251 248 243 235 234 233 232 230 227 224 223 221 218 215 211 209 209 208 197 193 187 186 185 178 176 176 173 172 168 166 163 154 154 152 149 143 141 140 136 134 133 133 128 128 126 124 123 121 120 118 118 112 110 110 108 105 102 101 100 100 99 99 97 97 96 94 88 85 84 82 77 75 75 75 69 58 58 57 55 54 53 53 48 46 45 43 42 42 36 35 35 34 25 24 24 24 24 24 23 23 12 






467 454 447 437 434 424 404 391 384 382 381 378 369 368 366 365 364 357 354 353 337 333 327 326 321 315 314 313 313 303 302 299 299 298 298 295 294 294 291 285 284 283 279 278 272 271 270 269 268 266 256 253 252 251 248 247 244 243 236 232 232 232 229 228 225 222 216 215 215 214 213 213 210 208 205 202 201 198 192 189 188 183 181 181 181 176 173 171 169 168 167 166 164 163 162 158 157 156 156 155 153 152 151 149 147 146 145 141 140 139 138 138 134 132 132 132 130 123 122 121 121 116 115 113 113 112 111 111 110 106 105 101 100 100 98 97 91 90 89 89 87 86 85 85 84 83 83 83 81 81 80 78 76 75 71 70 70 69 68 67 66 66 65 63 63 62 60 59 58 56 56 55 55 52 51 51 51 49 47 43 43 40 38 35 34 33 32 30 28 27 26 25 24 24 23 22 20 19 17 16 15 15 13 12 11 10 7 4 3 1 



20

10

33

22

1

3

12

40

11

17

7

25

51

47

15

19

24

27

70

13








918 894 878 866 854 834 826 824 810 784 782 782 771 758 757 753 740 733 731 730 729 715 705 701 688 687 675 666 663 659 653 635 631 629 626 612 610 606 601 588 587 585 583 582 579 563 560 559 559 554 550 545 543 535 535 530 526 518 513 507 506 505 502 501 501 499 493 474 473 470 465 465 450 449 448 447 446 440 432 429 424 422 420 418 418 412 409 408 405 401 392 384 381 379 377 376 364 360 359 356 353 352 352 348 335 335 333 331 323 323 320 319 318 312 311 311 309 308 307 306 291 287 283 283 281 279 277 275 274 267 266 265 258 256 254 252 252 248 247 241 239 231 228 227 226 225 224 223 222 218 207 203 202 200 198 195 194 193 191 188 186 183 182 181 179 170 170 166 165 161 158 154 153 151 147 145 142 141 137 136 135 132 130 129 127 125 123 121 121 117 109 105 104 100 96 95 94 94 89 86 84 83 81 81 77 72 70 70 66 65 61 56 56 53 53 52 52 49 44 42 41 40 33 29 28 28 25 25 24 4 2


jestem






 
